671244034 128
671244034 129
671244034 130
671244034 131
671244034 132
671244034 133
671244034 134
671244034 135
671244034 136
671244034 137
671244034 138
671244034 139
671244034 140
671244034 141
671244034 142
671244034 143
671244034 144
671244034 145
671244034 146
671244034 147
671244034 148
671244034 149
671244034 150
671244034 151
671244034 152
671244034 153
671244034 154
671244034 155
671244034 156
671244034 157
671244034 158
671244034 159
671244034 160
671244034 161
671244034 162
671244034 163
671244034 164
671244034 165
671244034 166
671244034 167
671244034 168
671244034 169
671244034 170
671244034 171
671244034 172
671244034 173
671244034 174
671244034 175
671244034 176
671244034 177
671244034 178
671244034 179
671244034 180
671244034 181
671244034 182
671244034 183
671244034 184
671244034 185
671244034 186
671244034 187
671244034 188
671244034 189
671244034 190
671244034 191
671244034 192
671244034 193
671244034 194
671244034 195
671244034 196
671244034 197
671244034 198
671244034 199
671244034 200
671244034 201
671244034 202
671244034 203
671244034 204
671244034 205
671244034 206
671244034 207
671244034 208
671244034 209
671244034 210
671244034 211
671244034 212
671244034 213
671244034 214
671244034 215
671244034 216
671244034 217
671244034 218
671244034 219
671244034 220
671244034 221
671244034 222
671244034 223
671244034 224
671244034 225
671244034 226
671244034 227
