671175168 128
671175168 129
671175168 130
671175168 131
671175168 132
671175168 133
671175168 134
671175168 135
671175168 136
671175168 137
671175168 138
671175168 139
671175168 140
671175168 141
671175168 142
671175168 143
671175168 144
671175168 145
671175168 146
671175168 147
671175168 148
671175168 149
671175168 150
671175168 151
671175168 152
671175168 153
671175168 154
671175168 155
671175168 156
671175168 157
671175168 158
671175168 159
671175168 160
671175168 161
671175168 162
671175168 163
671175168 164
671175168 165
671175168 166
671175168 167
671175168 168
671175168 169
671175168 170
671175168 171
671175168 172
671175168 173
671175168 174
671175168 175
671175168 176
671175168 177
